,0,1,2,3,4,5,6,7,8,9,10,11,12,13,14,15,16,17,18,19,20,21,22,23,24,25,26,27,28,29,30,31,32,33,34,35,36,37,38,39,40,41,42,43,44,45,46,47,48,49,50,51,52,53,54,55,56,57,58,59,60,61,62,63,64,65,66,67,68,69,70,71,72,73,74,75,76,77,78,79,80,81,82,83,84,85,86,87,88,89,90,91,92,93,94,95,96,97,98,99
0,0.0,79.88116173416608,126.81088281373961,78.26237921249263,97.52948272189288,25.0,66.06814663663572,89.35882720806042,96.04686356149273,10.04987562112089,109.77249200050075,138.62178760930766,79.2464510246358,89.88882021697692,66.06814663663572,76.40026177965623,132.94359706281458,114.85643212288984,105.1094667477673,75.05997601918082,45.70557952810576,125.99206324209474,56.22277118748239,95.75489543621255,48.54894437575342,42.720018726587654,83.72574275573791,103.78824596263297,31.064449134018133,95.1892851112981,76.55063683601855,91.83681179135085,104.62313319720452,74.33034373659252,91.2414379544733,117.38824472663352,29.120439557122072,76.69419795525604,56.859475903318,57.30619512757761,39.6232255123179,0.0,0.0,0.0,0.0,0.0,0.0,0.0,0.0,0.0,0.0,0.0,0.0,0.0,0.0,0.0,0.0,0.0,0.0,0.0,0.0,0.0,0.0,0.0,0.0,0.0,0.0,0.0,0.0,0.0,0.0,0.0,0.0,0.0,0.0,0.0,0.0,0.0,0.0,0.0,0.0,0.0,0.0,0.0,0.0,0.0,0.0,0.0,0.0,0.0,0.0,0.0,0.0,0.0,0.0,0.0,0.0,0.0,0.0,0.0
1,79.88116173416608,0.0,206.30559856678636,119.10499569707393,104.23531071570709,84.77027781009096,140.4563989286355,122.48265183282079,164.75436261295178,73.824115301167,130.92364186807515,217.4143509522773,147.29901561110313,51.73973328110612,24.73863375370596,64.4980619863884,142.57980221616245,35.0,176.81911661356077,69.77822009767804,42.5440947723653,204.56050449683585,134.61797799699713,164.34719346554112,92.0869154657707,62.24146527838174,37.53664875824692,53.71219600798314,109.22453936730518,48.60041152089147,109.65856099730654,98.41239759298622,133.15029102484155,122.09013064126027,167.14065932620943,154.49595463959565,101.01980003939822,98.49365461794989,69.42621983083913,38.3275357934736,94.36630754670864,0.0,0.0,0.0,0.0,0.0,0.0,0.0,0.0,0.0,0.0,0.0,0.0,0.0,0.0,0.0,0.0,0.0,0.0,0.0,0.0,0.0,0.0,0.0,0.0,0.0,0.0,0.0,0.0,0.0,0.0,0.0,0.0,0.0,0.0,0.0,0.0,0.0,0.0,0.0,0.0,0.0,0.0,0.0,0.0,0.0,0.0,0.0,0.0,0.0,0.0,0.0,0.0,0.0,0.0,0.0,0.0,0.0,0.0,0.0
2,126.81088281373961,206.30559856678636,0.0,130.75167302944922,190.90573590125572,131.20975573485381,86.03487664894976,142.22517358048822,71.56814934033156,134.35773144854747,183.41483037093812,16.0312195418814,99.46356116689167,210.60151946270474,192.33824372703418,181.06904760339356,188.32153355365392,241.29028161117472,58.69412236331676,186.77526602845464,167.5231327309754,13.45362404707371,72.11102550927978,96.0,142.77955035648486,153.88307249337075,207.7137453323684,225.84286572747877,97.20082304178294,210.23796041628637,157.20368952413298,172.80335644888382,172.38619434281853,120.81390648431164,69.18092222571191,166.3640586184408,113.81124724736128,168.46661390317072,159.15401345866212,181.89282558693733,131.88252348207476,0.0,0.0,0.0,0.0,0.0,0.0,0.0,0.0,0.0,0.0,0.0,0.0,0.0,0.0,0.0,0.0,0.0,0.0,0.0,0.0,0.0,0.0,0.0,0.0,0.0,0.0,0.0,0.0,0.0,0.0,0.0,0.0,0.0,0.0,0.0,0.0,0.0,0.0,0.0,0.0,0.0,0.0,0.0,0.0,0.0,0.0,0.0,0.0,0.0,0.0,0.0,0.0,0.0,0.0,0.0,0.0,0.0,0.0,0.0
3,78.26237921249263,119.10499569707393,130.75167302944922,0.0,174.9771413642365,102.95630140987001,121.2023102090055,13.416407864998739,63.324560795950255,86.92525524840292,187.94946129212502,134.39121995130486,140.80127840328723,154.02921800749363,121.2023102090055,64.20280367709809,63.15853069855251,148.24641648282767,78.18567643756751,148.48905683584903,78.63841300535,122.18428704215611,74.67261881037788,153.7010084547268,126.65701717630967,58.309518948453004,143.1258187749506,164.24676556937126,68.11754546370561,96.82974749528164,154.5477272560163,43.46262762420146,182.3211452355431,10.0,136.56500283747664,193.04144632694815,100.26464980241042,154.84508387417407,49.9799959983992,120.20399327809372,116.81181447096864,0.0,0.0,0.0,0.0,0.0,0.0,0.0,0.0,0.0,0.0,0.0,0.0,0.0,0.0,0.0,0.0,0.0,0.0,0.0,0.0,0.0,0.0,0.0,0.0,0.0,0.0,0.0,0.0,0.0,0.0,0.0,0.0,0.0,0.0,0.0,0.0,0.0,0.0,0.0,0.0,0.0,0.0,0.0,0.0,0.0,0.0,0.0,0.0,0.0,0.0,0.0,0.0,0.0,0.0,0.0,0.0,0.0,0.0,0.0
4,97.52948272189288,104.23531071570709,190.90573590125572,174.9771413642365,0.0,74.81310045707235,104.92378186092989,185.0108104949546,187.0106948813356,88.23264701911646,29.017236257093817,206.24257562394823,95.4148835350125,58.855755878248644,80.45495634204272,150.89400253157845,223.34278586961344,123.2233744059949,192.37463450257678,34.66987164671943,111.5212984142491,196.08671551127577,138.2931668593933,107.16809226630845,53.0,125.39936203984452,70.21395872616783,70.0,120.33702672078948,149.61617559608987,34.0,178.35358140502814,36.138621999185304,171.74690681348528,126.40015822774906,59.22837157984339,86.02325267042627,23.194827009486403,140.61649974309557,69.65629906907199,65.00769185258002,0.0,0.0,0.0,0.0,0.0,0.0,0.0,0.0,0.0,0.0,0.0,0.0,0.0,0.0,0.0,0.0,0.0,0.0,0.0,0.0,0.0,0.0,0.0,0.0,0.0,0.0,0.0,0.0,0.0,0.0,0.0,0.0,0.0,0.0,0.0,0.0,0.0,0.0,0.0,0.0,0.0,0.0,0.0,0.0,0.0,0.0,0.0,0.0,0.0,0.0,0.0,0.0,0.0,0.0,0.0,0.0,0.0,0.0,0.0
5,25.0,84.77027781009096,131.20975573485381,102.95630140987001,74.81310045707235,0.0,55.94640292279746,114.28035701729323,113.35784048754634,18.867962264113206,85.0,144.77914214416384,63.28506932918696,79.40403012442127,64.88451279003334,97.16995420396162,157.76247969653622,118.30891766895681,120.22063050907694,57.87054518492115,61.18823416311342,132.92479076530458,67.05221845696084,80.39900496896712,23.706539182259394,64.4980619863884,77.10382610480494,94.64142856064674,46.04345773288535,110.8873302050329,51.62363799656123,115.88356225108029,79.63039620647382,98.48857801796105,82.76472678623425,92.76313923105448,17.69180601295413,52.88667128870941,79.61155694998057,52.43090691567332,15.0,0.0,0.0,0.0,0.0,0.0,0.0,0.0,0.0,0.0,0.0,0.0,0.0,0.0,0.0,0.0,0.0,0.0,0.0,0.0,0.0,0.0,0.0,0.0,0.0,0.0,0.0,0.0,0.0,0.0,0.0,0.0,0.0,0.0,0.0,0.0,0.0,0.0,0.0,0.0,0.0,0.0,0.0,0.0,0.0,0.0,0.0,0.0,0.0,0.0,0.0,0.0,0.0,0.0,0.0,0.0,0.0,0.0,0.0,0.0
6,66.06814663663572,140.4563989286355,86.03487664894976,121.2023102090055,104.92378186092989,55.94640292279746,0.0,134.52880732393342,99.31767214348109,68.24954212300622,98.6154146165801,101.53324578678651,20.808652046684813,131.04579352272242,120.74767078498864,140.91131963046828,183.69812192834198,174.24408167854654,99.04039579888602,104.1393297462587,111.5437134042076,91.98369420718001,51.40038910358559,32.64965543462902,59.464274989274024,107.37783756436893,131.24404748406687,146.6594695203825,54.12947441089743,161.25135658344087,71.16881339463234,149.60280746028798,88.14193099768123,113.00442469213318,26.832815729997478,86.88498144098322,39.56008088970496,82.73451516749222,119.68291440301745,107.91200118615167,50.44799302251776,0.0,0.0,0.0,0.0,0.0,0.0,0.0,0.0,0.0,0.0,0.0,0.0,0.0,0.0,0.0,0.0,0.0,0.0,0.0,0.0,0.0,0.0,0.0,0.0,0.0,0.0,0.0,0.0,0.0,0.0,0.0,0.0,0.0,0.0,0.0,0.0,0.0,0.0,0.0,0.0,0.0,0.0,0.0,0.0,0.0,0.0,0.0,0.0,0.0,0.0,0.0,0.0,0.0,0.0,0.0,0.0,0.0,0.0,0.0
7,89.35882720806042,122.48265183282079,142.22517358048822,13.416407864998739,185.0108104949546,114.28035701729323,134.52880732393342,0.0,73.00684899377592,97.52948272189288,199.11052207254141,145.0,154.02921800749363,160.70158679988197,127.09838708654017,63.071388124885914,49.76946855251722,149.57606760441325,87.80091115700337,157.2800050864699,84.02380615040002,133.09019498069722,88.02272433866155,167.05687654209268,137.90576492663388,64.28063471995279,149.12075643584967,170.02646852769718,81.21576201698781,95.01578816175763,165.89454481688057,36.235341863986875,193.86851214160592,22.80350850198276,149.96666296213968,205.24375751773792,112.60994627474076,165.4841382127,53.23532661682466,127.4244874425634,128.4562182223967,0.0,0.0,0.0,0.0,0.0,0.0,0.0,0.0,0.0,0.0,0.0,0.0,0.0,0.0,0.0,0.0,0.0,0.0,0.0,0.0,0.0,0.0,0.0,0.0,0.0,0.0,0.0,0.0,0.0,0.0,0.0,0.0,0.0,0.0,0.0,0.0,0.0,0.0,0.0,0.0,0.0,0.0,0.0,0.0,0.0,0.0,0.0,0.0,0.0,0.0,0.0,0.0,0.0,0.0,0.0,0.0,0.0,0.0,0.0
8,96.04686356149273,164.75436261295178,71.56814934033156,63.324560795950255,187.0106948813356,113.35784048754634,99.31767214348109,73.00684899377592,0.0,105.99056561788883,190.53870997778904,72.3394774656273,119.85407794480753,185.64751546950473,158.40454538932903,122.80065146407001,117.01709276853532,198.00252523642217,14.866068747318506,170.1558109498468,122.31925441237777,61.0,50.21951811795888,126.75172582651489,134.01492454200763,103.85566907973777,178.27226368675525,198.97989848223364,67.36467917239716,154.7966407904254,158.02847844613325,106.77546534667971,181.8048404196104,54.12947441089743,102.17631819555841,185.0,101.07917688624102,164.0762018087937,103.32473082471591,152.16109883935513,122.03687967167957,0.0,0.0,0.0,0.0,0.0,0.0,0.0,0.0,0.0,0.0,0.0,0.0,0.0,0.0,0.0,0.0,0.0,0.0,0.0,0.0,0.0,0.0,0.0,0.0,0.0,0.0,0.0,0.0,0.0,0.0,0.0,0.0,0.0,0.0,0.0,0.0,0.0,0.0,0.0,0.0,0.0,0.0,0.0,0.0,0.0,0.0,0.0,0.0,0.0,0.0,0.0,0.0,0.0,0.0,0.0,0.0,0.0,0.0,0.0
9,10.04987562112089,73.824115301167,134.35773144854747,86.92525524840292,88.23264701911646,18.867962264113206,68.24954212300622,97.52948272189288,105.99056561788883,0.0,101.78899744078434,146.6594695203825,79.1012010022604,80.23091673413684,57.982756057296896,78.54934754662193,139.6030085635693,108.55873986004075,114.82595525402782,65.03076195155643,44.04543109109048,134.18271125595876,64.89992295835181,96.02083107326243,41.10960958218893,45.65084884205331,74.62573282722254,94.36630754670864,40.24922359499622,94.08506789071261,69.02897942168927,97.18538984847466,97.30878685915265,83.5224520712844,94.37160589923221,111.39569111954016,29.068883707497267,67.97793759742936,60.74537019394976,48.25971404805462,33.83784863137726,0.0,0.0,0.0,0.0,0.0,0.0,0.0,0.0,0.0,0.0,0.0,0.0,0.0,0.0,0.0,0.0,0.0,0.0,0.0,0.0,0.0,0.0,0.0,0.0,0.0,0.0,0.0,0.0,0.0,0.0,0.0,0.0,0.0,0.0,0.0,0.0,0.0,0.0,0.0,0.0,0.0,0.0,0.0,0.0,0.0,0.0,0.0,0.0,0.0,0.0,0.0,0.0,0.0,0.0,0.0,0.0,0.0,0.0,0.0
10,109.77249200050075,130.92364186807515,183.41483037093812,187.94946129212502,29.017236257093817,85.0,98.6154146165801,199.11052207254141,190.53870997778904,101.78899744078434,0.0,199.2636444512646,84.20213774008353,87.69264507357501,106.51291001564083,172.15400082484288,240.84019598065436,151.79591562357663,193.74725804511402,61.35144660071187,132.5481044753187,190.3785702225962,140.4314779527724,92.13576938409967,61.29437168288782,143.75326083258076,98.48857801796105,99.00505037623081,126.82665335015349,174.4161689752415,33.61547262794322,196.98730923589977,11.661903789690601,183.3712082089225,115.43396380615195,31.78049716414141,91.09335870413386,35.38361202590826,159.28904544883179,94.41398201537736,71.69379331573968,0.0,0.0,0.0,0.0,0.0,0.0,0.0,0.0,0.0,0.0,0.0,0.0,0.0,0.0,0.0,0.0,0.0,0.0,0.0,0.0,0.0,0.0,0.0,0.0,0.0,0.0,0.0,0.0,0.0,0.0,0.0,0.0,0.0,0.0,0.0,0.0,0.0,0.0,0.0,0.0,0.0,0.0,0.0,0.0,0.0,0.0,0.0,0.0,0.0,0.0,0.0,0.0,0.0,0.0,0.0,0.0,0.0,0.0,0.0
11,138.62178760930766,217.4143509522773,16.0312195418814,134.39121995130486,206.24257562394823,144.77914214416384,101.53324578678651,145.0,72.3394774656273,146.6594695203825,199.2636444512646,0.0,115.41230437002807,224.1428116179504,204.56050449683585,188.31091311976584,189.06612599828665,252.30140705116966,58.034472514187634,201.06217943710845,177.6091213873882,13.038404810405298,82.80700453464067,112.0044641967453,157.41982086128797,162.82813024781683,220.6762334280699,239.240464804765,108.2450922675019,218.44221203787512,172.66151858477326,177.341478509682,188.2817038376273,124.66354719804824,85.21150157109074,182.3951753747889,127.62444906835053,183.65728953678914,166.83225107874077,194.6175737183053,146.2942240828393,0.0,0.0,0.0,0.0,0.0,0.0,0.0,0.0,0.0,0.0,0.0,0.0,0.0,0.0,0.0,0.0,0.0,0.0,0.0,0.0,0.0,0.0,0.0,0.0,0.0,0.0,0.0,0.0,0.0,0.0,0.0,0.0,0.0,0.0,0.0,0.0,0.0,0.0,0.0,0.0,0.0,0.0,0.0,0.0,0.0,0.0,0.0,0.0,0.0,0.0,0.0,0.0,0.0,0.0,0.0,0.0,0.0,0.0,0.0
12,79.2464510246358,147.29901561110313,99.46356116689167,140.80127840328723,95.4148835350125,63.28506932918696,20.808652046684813,154.02921800749363,119.85407794480753,79.1012010022604,84.20213774008353,115.41230437002807,0.0,130.38404810405297,125.57467897629681,155.54099138169335,202.7856010667424,179.6886195617296,118.92854997854805,101.40019723846694,123.14625451064275,107.22872749408155,72.20110802473879,17.11724276862369,58.59180830116101,121.80722474467596,132.82319074619463,145.89036979869508,72.94518489934754,173.18487231857176,61.61168720299745,167.0269439342048,73.00684899377592,132.90974381135493,31.38470965295043,68.26419266350405,50.35871324805669,75.16648189186454,135.1628647225265,111.94641575325224,53.16013544000805,0.0,0.0,0.0,0.0,0.0,0.0,0.0,0.0,0.0,0.0,0.0,0.0,0.0,0.0,0.0,0.0,0.0,0.0,0.0,0.0,0.0,0.0,0.0,0.0,0.0,0.0,0.0,0.0,0.0,0.0,0.0,0.0,0.0,0.0,0.0,0.0,0.0,0.0,0.0,0.0,0.0,0.0,0.0,0.0,0.0,0.0,0.0,0.0,0.0,0.0,0.0,0.0,0.0,0.0,0.0,0.0,0.0,0.0,0.0
13,89.88882021697692,51.73973328110612,210.60151946270474,154.02921800749363,58.855755878248644,79.40403012442127,131.04579352272242,160.70158679988197,185.64751546950473,80.23091673413684,87.69264507357501,224.1428116179504,130.38404810405297,0.0,34.48187929913333,111.23398761170077,189.10843450253614,64.5600495662759,194.99743588057768,30.364452901377952,77.10382610480494,212.17445652104308,144.4749113168096,145.98972566588375,72.20110802473879,96.42095207992918,14.212670403551895,15.620499351813308,120.42009799032718,100.26464980241042,76.6550715869472,143.58969322343438,93.00537618869137,154.1590088188167,157.1146078504478,116.01724009818541,96.82974749528164,62.369864518050704,108.85311203635843,34.23448553724738,80.65977932030313,0.0,0.0,0.0,0.0,0.0,0.0,0.0,0.0,0.0,0.0,0.0,0.0,0.0,0.0,0.0,0.0,0.0,0.0,0.0,0.0,0.0,0.0,0.0,0.0,0.0,0.0,0.0,0.0,0.0,0.0,0.0,0.0,0.0,0.0,0.0,0.0,0.0,0.0,0.0,0.0,0.0,0.0,0.0,0.0,0.0,0.0,0.0,0.0,0.0,0.0,0.0,0.0,0.0,0.0,0.0,0.0,0.0,0.0,0.0
14,66.06814663663572,24.73863375370596,192.33824372703418,121.2023102090055,80.45495634204272,64.88451279003334,120.74767078498864,127.09838708654017,158.40454538932903,57.982756057296896,106.51291001564083,204.56050449683585,125.57467897629681,34.48187929913333,0.0,76.96752561957543,154.65122049308243,54.120236510939236,169.11830178901394,45.79301256742124,43.104524124504614,192.00260414900626,122.28654872879518,142.44297104455524,68.73136110975832,63.00793600809346,22.02271554554524,43.04648650006177,97.0051545022222,69.52697318307479,85.0,109.11003620199197,108.4665847162157,122.18837915284743,147.58048651498612,129.75746606650424,82.15229759416349,73.76313442364011,74.67261881037788,14.035668847618199,72.42237223399962,0.0,0.0,0.0,0.0,0.0,0.0,0.0,0.0,0.0,0.0,0.0,0.0,0.0,0.0,0.0,0.0,0.0,0.0,0.0,0.0,0.0,0.0,0.0,0.0,0.0,0.0,0.0,0.0,0.0,0.0,0.0,0.0,0.0,0.0,0.0,0.0,0.0,0.0,0.0,0.0,0.0,0.0,0.0,0.0,0.0,0.0,0.0,0.0,0.0,0.0,0.0,0.0,0.0,0.0,0.0,0.0,0.0,0.0,0.0
15,76.40026177965623,64.4980619863884,181.06904760339356,64.20280367709809,150.89400253157845,97.16995420396162,140.91131963046828,63.071388124885914,122.80065146407001,78.54934754662193,172.15400082484288,188.31091311976584,155.54099138169335,111.23398761170077,76.96752561957543,0.0,78.33900688673555,87.32124598286491,137.05838172107534,117.80067911519016,39.6232255123179,175.37673733993344,111.83022847155415,171.81967291320282,116.61903789690601,33.734255586866,97.73944955850733,116.91449867317569,91.26883367283708,32.64965543462902,142.63590010933433,34.0147027033899,170.41420128616042,70.7248188403477,164.04877323527901,187.52333188166213,105.51303237041384,136.7808466123821,22.360679774997898,82.92767933567175,111.8257573191436,0.0,0.0,0.0,0.0,0.0,0.0,0.0,0.0,0.0,0.0,0.0,0.0,0.0,0.0,0.0,0.0,0.0,0.0,0.0,0.0,0.0,0.0,0.0,0.0,0.0,0.0,0.0,0.0,0.0,0.0,0.0,0.0,0.0,0.0,0.0,0.0,0.0,0.0,0.0,0.0,0.0,0.0,0.0,0.0,0.0,0.0,0.0,0.0,0.0,0.0,0.0,0.0,0.0,0.0,0.0,0.0,0.0,0.0,0.0
16,132.94359706281458,142.57980221616245,188.32153355365392,63.15853069855251,223.34278586961344,157.76247969653622,183.69812192834198,49.76946855251722,117.01709276853532,139.6030085635693,240.84019598065436,189.06612599828665,202.7856010667424,189.10843450253614,154.65122049308243,78.33900688673555,0.0,161.00310556011024,131.03434664239754,192.35384061671346,113.63538181394033,178.01123560045303,137.78606605894515,216.31689716709604,180.71247881648904,97.94386147176351,175.86358349584486,195.24855953373896,129.84991336154215,101.01980003939822,208.58091954922435,45.69463863518345,236.88815926508443,72.44998274671983,199.7223072167954,250.31580054003783,158.90248582070703,206.00970850908945,82.85529554590944,158.90248582070703,172.55723688098394,0.0,0.0,0.0,0.0,0.0,0.0,0.0,0.0,0.0,0.0,0.0,0.0,0.0,0.0,0.0,0.0,0.0,0.0,0.0,0.0,0.0,0.0,0.0,0.0,0.0,0.0,0.0,0.0,0.0,0.0,0.0,0.0,0.0,0.0,0.0,0.0,0.0,0.0,0.0,0.0,0.0,0.0,0.0,0.0,0.0,0.0,0.0,0.0,0.0,0.0,0.0,0.0,0.0,0.0,0.0,0.0,0.0,0.0,0.0
17,114.85643212288984,35.0,241.29028161117472,148.24641648282767,123.2233744059949,118.30891766895681,174.24408167854654,149.57606760441325,198.00252523642217,108.55873986004075,151.79591562357663,252.30140705116966,179.6886195617296,64.5600495662759,54.120236510939236,87.32124598286491,161.00310556011024,0.0,210.52315787105226,91.44397191723465,75.92759709091287,239.4201328209472,169.53170794869024,196.562967010574,122.57650672131263,94.30270409696638,53.46026561849464,57.30619512757761,144.1700384962146,60.00833275470999,136.01470508735443,120.50726119201282,156.16017418023074,152.50245899656832,201.03979705520993,178.71765441612084,135.08515832614626,123.10158406779338,98.41239759298622,67.91170738539859,126.53062870309307,0.0,0.0,0.0,0.0,0.0,0.0,0.0,0.0,0.0,0.0,0.0,0.0,0.0,0.0,0.0,0.0,0.0,0.0,0.0,0.0,0.0,0.0,0.0,0.0,0.0,0.0,0.0,0.0,0.0,0.0,0.0,0.0,0.0,0.0,0.0,0.0,0.0,0.0,0.0,0.0,0.0,0.0,0.0,0.0,0.0,0.0,0.0,0.0,0.0,0.0,0.0,0.0,0.0,0.0,0.0,0.0,0.0,0.0,0.0
18,105.1094667477673,176.81911661356077,58.69412236331676,78.18567643756751,192.37463450257678,120.22063050907694,99.04039579888602,87.80091115700337,14.866068747318506,114.82595525402782,193.74725804511402,58.034472514187634,118.92854997854805,194.99743588057768,169.11830178901394,137.05838172107534,131.03434664239754,210.52315787105226,0.0,177.79201331893398,134.6291201783626,47.265209192385896,54.08326913195984,123.89108119634763,139.51702405083043,116.77756633874505,188.36666371733614,208.7773934122179,75.0,168.8342382338369,162.04937519163718,121.63058825805291,184.43969204051496,68.94200461257273,97.94386147176351,185.78482176970218,106.47065323364932,169.23947530053383,117.15374513859982,162.04937519163718,127.47548783981962,0.0,0.0,0.0,0.0,0.0,0.0,0.0,0.0,0.0,0.0,0.0,0.0,0.0,0.0,0.0,0.0,0.0,0.0,0.0,0.0,0.0,0.0,0.0,0.0,0.0,0.0,0.0,0.0,0.0,0.0,0.0,0.0,0.0,0.0,0.0,0.0,0.0,0.0,0.0,0.0,0.0,0.0,0.0,0.0,0.0,0.0,0.0,0.0,0.0,0.0,0.0,0.0,0.0,0.0,0.0,0.0,0.0,0.0,0.0
19,75.05997601918082,69.77822009767804,186.77526602845464,148.48905683584903,34.66987164671943,57.87054518492115,104.1393297462587,157.2800050864699,170.1558109498468,65.03076195155643,61.35144660071187,201.06217943710845,101.40019723846694,30.364452901377952,45.79301256742124,117.80067911519016,192.35384061671346,91.44397191723465,177.79201331893398,0.0,79.07591289387686,189.65231345807516,124.91997438360288,116.50321883965266,44.68780594300866,94.93682109698007,38.05259518088089,45.18849411078001,102.96115772464877,115.0,46.32493928760188,146.86047800548656,64.77653896280658,146.6594695203825,129.41792766073794,87.28115489611719,73.824115301167,32.2490309931942,109.5673308974897,35.35533905932738,54.91812087098393,0.0,0.0,0.0,0.0,0.0,0.0,0.0,0.0,0.0,0.0,0.0,0.0,0.0,0.0,0.0,0.0,0.0,0.0,0.0,0.0,0.0,0.0,0.0,0.0,0.0,0.0,0.0,0.0,0.0,0.0,0.0,0.0,0.0,0.0,0.0,0.0,0.0,0.0,0.0,0.0,0.0,0.0,0.0,0.0,0.0,0.0,0.0,0.0,0.0,0.0,0.0,0.0,0.0,0.0,0.0,0.0,0.0,0.0,0.0
20,45.70557952810576,42.5440947723653,167.5231327309754,78.63841300535,111.5212984142491,61.18823416311342,111.5437134042076,84.02380615040002,122.31925441237777,44.04543109109048,132.5481044753187,177.6091213873882,123.14625451064275,77.10382610480494,43.104524124504614,39.6232255123179,113.63538181394033,75.92759709091287,134.6291201783626,79.07591289387686,0.0,164.62381358722072,95.4148835350125,140.05713120009278,78.29431652425353,20.396078054371138,65.12296062065974,86.00581375697809,70.71067811865476,50.039984012787215,103.46496991735899,67.97793759742936,131.01526628603247,80.52328855678958,136.94524453225822,148.71785366928881,73.0,97.18538984847466,31.78049716414141,45.31004303683677,75.0,0.0,0.0,0.0,0.0,0.0,0.0,0.0,0.0,0.0,0.0,0.0,0.0,0.0,0.0,0.0,0.0,0.0,0.0,0.0,0.0,0.0,0.0,0.0,0.0,0.0,0.0,0.0,0.0,0.0,0.0,0.0,0.0,0.0,0.0,0.0,0.0,0.0,0.0,0.0,0.0,0.0,0.0,0.0,0.0,0.0,0.0,0.0,0.0,0.0,0.0,0.0,0.0,0.0,0.0,0.0,0.0,0.0,0.0,0.0
21,125.99206324209474,204.56050449683585,13.45362404707371,122.18428704215611,196.08671551127577,132.92479076530458,91.98369420718001,133.09019498069722,61.0,134.18271125595876,190.3785702225962,13.038404810405298,107.22872749408155,212.17445652104308,192.00260414900626,175.37673733993344,178.01123560045303,239.4201328209472,47.265209192385896,189.65231345807516,164.62381358722072,0.0,70.00714249274856,105.47511554864494,146.4137971640651,149.78985279383915,208.4034548657963,227.17834403833479,95.46203433826454,205.4288197892399,162.7820628939196,164.92422502470643,179.61069010501575,112.37882362794157,78.16009211867653,175.0028571195339,115.97413504743201,173.29743217947575,153.8473269186046,182.25805880673698,135.08515832614626,0.0,0.0,0.0,0.0,0.0,0.0,0.0,0.0,0.0,0.0,0.0,0.0,0.0,0.0,0.0,0.0,0.0,0.0,0.0,0.0,0.0,0.0,0.0,0.0,0.0,0.0,0.0,0.0,0.0,0.0,0.0,0.0,0.0,0.0,0.0,0.0,0.0,0.0,0.0,0.0,0.0,0.0,0.0,0.0,0.0,0.0,0.0,0.0,0.0,0.0,0.0,0.0,0.0,0.0,0.0,0.0,0.0,0.0,0.0
22,56.22277118748239,134.61797799699713,72.11102550927978,74.67261881037788,138.2931668593933,67.05221845696084,51.40038910358559,88.02272433866155,50.21951811795888,64.89992295835181,140.4314779527724,82.80700453464067,72.20110802473879,144.4749113168096,122.28654872879518,111.83022847155415,137.78606605894515,169.53170794869024,54.08326913195984,124.91997438360288,95.4148835350125,70.00714249274856,0.0,82.07313811473277,85.47514258543241,82.46211251235322,139.51702405083043,159.0125781188394,25.45584412271571,139.2838827718412,108.2266141020775,110.3675676999362,131.59407281484982,65.39113089708727,62.177166226839255,135.19245541079576,52.46903848937962,115.15641536623133,89.49860334105779,113.1591799192624,73.43704787094863,0.0,0.0,0.0,0.0,0.0,0.0,0.0,0.0,0.0,0.0,0.0,0.0,0.0,0.0,0.0,0.0,0.0,0.0,0.0,0.0,0.0,0.0,0.0,0.0,0.0,0.0,0.0,0.0,0.0,0.0,0.0,0.0,0.0,0.0,0.0,0.0,0.0,0.0,0.0,0.0,0.0,0.0,0.0,0.0,0.0,0.0,0.0,0.0,0.0,0.0,0.0,0.0,0.0,0.0,0.0,0.0,0.0,0.0,0.0
23,95.75489543621255,164.34719346554112,96.0,153.7010084547268,107.16809226630845,80.39900496896712,32.64965543462902,167.05687654209268,126.75172582651489,96.02083107326243,92.13576938409967,112.0044641967453,17.11724276862369,145.98972566588375,142.44297104455524,171.81967291320282,216.31689716709604,196.562967010574,123.89108119634763,116.50321883965266,140.05713120009278,105.47511554864494,82.07313811473277,0.0,74.84650960465692,138.10141201305655,149.05368160498418,161.38463371709216,86.76404785393545,190.09471323527123,74.24957912338628,182.00274723201295,80.52949770115296,145.3409783921933,27.459060435491963,70.8590149522275,67.11929677819934,88.52683209061533,151.10923201446033,128.73616430514,70.09279563550022,0.0,0.0,0.0,0.0,0.0,0.0,0.0,0.0,0.0,0.0,0.0,0.0,0.0,0.0,0.0,0.0,0.0,0.0,0.0,0.0,0.0,0.0,0.0,0.0,0.0,0.0,0.0,0.0,0.0,0.0,0.0,0.0,0.0,0.0,0.0,0.0,0.0,0.0,0.0,0.0,0.0,0.0,0.0,0.0,0.0,0.0,0.0,0.0,0.0,0.0,0.0,0.0,0.0,0.0,0.0,0.0,0.0,0.0,0.0
24,48.54894437575342,92.0869154657707,142.77955035648486,126.65701717630967,53.0,23.706539182259394,59.464274989274024,137.90576492663388,134.01492454200763,41.10960958218893,61.29437168288782,157.41982086128797,58.59180830116101,72.20110802473879,68.73136110975832,116.61903789690601,180.71247881648904,122.57650672131263,139.51702405083043,44.68780594300866,78.29431652425353,146.4137971640651,85.47514258543241,74.84650960465692,0.0,85.42833253669417,74.24957912338628,87.80091115700337,67.60177512462228,125.96031120952345,28.0178514522438,137.97463535012514,56.22277118748239,122.15563842901399,85.0411665018772,71.02816342831905,33.06055050963308,30.14962686336267,100.89598604503551,54.74486277268398,12.041594578792296,0.0,0.0,0.0,0.0,0.0,0.0,0.0,0.0,0.0,0.0,0.0,0.0,0.0,0.0,0.0,0.0,0.0,0.0,0.0,0.0,0.0,0.0,0.0,0.0,0.0,0.0,0.0,0.0,0.0,0.0,0.0,0.0,0.0,0.0,0.0,0.0,0.0,0.0,0.0,0.0,0.0,0.0,0.0,0.0,0.0,0.0,0.0,0.0,0.0,0.0,0.0,0.0,0.0,0.0,0.0,0.0,0.0,0.0,0.0
25,42.720018726587654,62.24146527838174,153.88307249337075,58.309518948453004,125.39936203984452,64.4980619863884,107.37783756436893,64.28063471995279,103.85566907973777,45.65084884205331,143.75326083258076,162.82813024781683,121.80722474467596,96.42095207992918,63.00793600809346,33.734255586866,97.94386147176351,94.30270409696638,116.77756633874505,94.93682109698007,20.396078054371138,149.78985279383915,82.46211251235322,138.10141201305655,85.42833253669417,0.0,85.0,106.04244433244644,59.665735560705194,56.92099788303083,112.53888216967503,53.2634959423431,140.75865870347016,60.166435825965294,131.03434664239754,156.40012787718558,71.84010022264724,108.57716150277645,15.556349186104045,63.34824385884742,79.40403012442127,0.0,0.0,0.0,0.0,0.0,0.0,0.0,0.0,0.0,0.0,0.0,0.0,0.0,0.0,0.0,0.0,0.0,0.0,0.0,0.0,0.0,0.0,0.0,0.0,0.0,0.0,0.0,0.0,0.0,0.0,0.0,0.0,0.0,0.0,0.0,0.0,0.0,0.0,0.0,0.0,0.0,0.0,0.0,0.0,0.0,0.0,0.0,0.0,0.0,0.0,0.0,0.0,0.0,0.0,0.0,0.0,0.0,0.0,0.0
26,83.72574275573791,37.53664875824692,207.7137453323684,143.1258187749506,70.21395872616783,77.10382610480494,131.24404748406687,149.12075643584967,178.27226368675525,74.62573282722254,98.48857801796105,220.6762334280699,132.82319074619463,14.212670403551895,22.02271554554524,97.73944955850733,175.86358349584486,53.46026561849464,188.36666371733614,38.05259518088089,65.12296062065974,208.4034548657963,139.51702405083043,149.05368160498418,74.24957912338628,85.0,0.0,21.213203435596427,114.73883387938018,86.05230967266364,83.48652585896721,130.50670480860362,102.70345661174214,143.8923208513922,157.8131806916013,125.32358118087753,94.79451460923254,70.02856560004639,96.62815324738438,26.419689627245813,80.99382692526635,0.0,0.0,0.0,0.0,0.0,0.0,0.0,0.0,0.0,0.0,0.0,0.0,0.0,0.0,0.0,0.0,0.0,0.0,0.0,0.0,0.0,0.0,0.0,0.0,0.0,0.0,0.0,0.0,0.0,0.0,0.0,0.0,0.0,0.0,0.0,0.0,0.0,0.0,0.0,0.0,0.0,0.0,0.0,0.0,0.0,0.0,0.0,0.0,0.0,0.0,0.0,0.0,0.0,0.0,0.0,0.0,0.0,0.0,0.0
27,103.78824596263297,53.71219600798314,225.84286572747877,164.24676556937126,70.0,94.64142856064674,146.6594695203825,170.02646852769718,198.97989848223364,94.36630754670864,99.00505037623081,239.240464804765,145.89036979869508,15.620499351813308,43.04648650006177,116.91449867317569,195.24855953373896,57.30619512757761,208.7773934122179,45.18849411078001,86.00581375697809,227.17834403833479,159.0125781188394,161.38463371709216,87.80091115700337,106.04244433244644,21.213203435596427,0.0,134.6142637315972,101.71037311896953,91.0823802938856,150.23315213360866,105.38500842150178,165.0969412193939,172.73389939441535,128.56126943990557,112.16059914247963,76.53757247260981,117.27318534089538,46.8187996428785,96.26006440887103,0.0,0.0,0.0,0.0,0.0,0.0,0.0,0.0,0.0,0.0,0.0,0.0,0.0,0.0,0.0,0.0,0.0,0.0,0.0,0.0,0.0,0.0,0.0,0.0,0.0,0.0,0.0,0.0,0.0,0.0,0.0,0.0,0.0,0.0,0.0,0.0,0.0,0.0,0.0,0.0,0.0,0.0,0.0,0.0,0.0,0.0,0.0,0.0,0.0,0.0,0.0,0.0,0.0,0.0,0.0,0.0,0.0,0.0,0.0
28,31.064449134018133,109.22453936730518,97.20082304178294,68.11754546370561,120.33702672078948,46.04345773288535,54.12947441089743,81.21576201698781,67.36467917239716,40.24922359499622,126.82665335015349,108.2450922675019,72.94518489934754,120.42009799032718,97.0051545022222,91.26883367283708,129.84991336154215,144.1700384962146,75.0,102.96115772464877,70.71067811865476,95.46203433826454,25.45584412271571,86.76404785393545,67.60177512462228,59.665735560705194,114.73883387938018,134.6142637315972,0.0,116.48175822848829,93.40770846134703,95.88013350011565,119.4026800369238,60.8276253029822,73.824115301167,127.09445306542689,35.73513677041127,97.73944955850733,69.06518659932803,88.32326986700618,55.90169943749474,0.0,0.0,0.0,0.0,0.0,0.0,0.0,0.0,0.0,0.0,0.0,0.0,0.0,0.0,0.0,0.0,0.0,0.0,0.0,0.0,0.0,0.0,0.0,0.0,0.0,0.0,0.0,0.0,0.0,0.0,0.0,0.0,0.0,0.0,0.0,0.0,0.0,0.0,0.0,0.0,0.0,0.0,0.0,0.0,0.0,0.0,0.0,0.0,0.0,0.0,0.0,0.0,0.0,0.0,0.0,0.0,0.0,0.0,0.0
29,95.1892851112981,48.60041152089147,210.23796041628637,96.82974749528164,149.61617559608987,110.8873302050329,161.25135658344087,95.01578816175763,154.7966407904254,94.08506789071261,174.4161689752415,218.44221203787512,173.18487231857176,100.26464980241042,69.52697318307479,32.64965543462902,101.01980003939822,60.00833275470999,168.8342382338369,115.0,50.039984012787215,205.4288197892399,139.2838827718412,190.09471323527123,125.96031120952345,56.92099788303083,86.05230967266364,101.71037311896953,116.48175822848829,0.0,148.77163708180402,62.297672508690084,174.86280336309378,103.32473082471591,186.18807695446023,194.4659353203023,123.01625908797584,140.00357138301865,51.86520991955976,80.15609770940699,124.1491039033307,0.0,0.0,0.0,0.0,0.0,0.0,0.0,0.0,0.0,0.0,0.0,0.0,0.0,0.0,0.0,0.0,0.0,0.0,0.0,0.0,0.0,0.0,0.0,0.0,0.0,0.0,0.0,0.0,0.0,0.0,0.0,0.0,0.0,0.0,0.0,0.0,0.0,0.0,0.0,0.0,0.0,0.0,0.0,0.0,0.0,0.0,0.0,0.0,0.0,0.0,0.0,0.0,0.0,0.0,0.0,0.0,0.0,0.0,0.0
30,76.55063683601855,109.65856099730654,157.20368952413298,154.5477272560163,34.0,51.62363799656123,71.16881339463234,165.89454481688057,158.02847844613325,69.02897942168927,33.61547262794322,172.66151858477326,61.61168720299745,76.6550715869472,85.0,142.63590010933433,208.58091954922435,136.01470508735443,162.04937519163718,46.32493928760188,103.46496991735899,162.7820628939196,108.2266141020775,74.24957912338628,28.0178514522438,112.53888216967503,83.48652585896721,91.0823802938856,93.40770846134703,148.77163708180402,0.0,165.46298679765212,28.319604517012593,149.81655449248592,92.43916918709297,45.69463863518345,57.723478758647246,14.7648230602334,128.08200498118384,71.386273190299,38.07886552931954,0.0,0.0,0.0,0.0,0.0,0.0,0.0,0.0,0.0,0.0,0.0,0.0,0.0,0.0,0.0,0.0,0.0,0.0,0.0,0.0,0.0,0.0,0.0,0.0,0.0,0.0,0.0,0.0,0.0,0.0,0.0,0.0,0.0,0.0,0.0,0.0,0.0,0.0,0.0,0.0,0.0,0.0,0.0,0.0,0.0,0.0,0.0,0.0,0.0,0.0,0.0,0.0,0.0,0.0,0.0,0.0,0.0,0.0,0.0
31,91.83681179135085,98.41239759298622,172.80335644888382,43.46262762420146,178.35358140502814,115.88356225108029,149.60280746028798,36.235341863986875,106.77546534667971,97.18538984847466,196.98730923589977,177.341478509682,167.0269439342048,143.58969322343438,109.11003620199197,34.0147027033899,45.69463863518345,120.50726119201282,121.63058825805291,146.86047800548656,67.97793759742936,164.92422502470643,110.3675676999362,182.00274723201295,137.97463535012514,53.2634959423431,130.50670480860362,150.23315213360866,95.88013350011565,62.297672508690084,165.46298679765212,0.0,193.75241933973368,52.81098370604357,169.31922513406445,208.58091954922435,119.70797801316336,161.83942659315127,37.8021163428716,113.21660655575224,130.87398519186308,0.0,0.0,0.0,0.0,0.0,0.0,0.0,0.0,0.0,0.0,0.0,0.0,0.0,0.0,0.0,0.0,0.0,0.0,0.0,0.0,0.0,0.0,0.0,0.0,0.0,0.0,0.0,0.0,0.0,0.0,0.0,0.0,0.0,0.0,0.0,0.0,0.0,0.0,0.0,0.0,0.0,0.0,0.0,0.0,0.0,0.0,0.0,0.0,0.0,0.0,0.0,0.0,0.0,0.0,0.0,0.0,0.0,0.0,0.0
32,104.62313319720452,133.15029102484155,172.38619434281853,182.3211452355431,36.138621999185304,79.63039620647382,88.14193099768123,193.86851214160592,181.8048404196104,97.30878685915265,11.661903789690601,188.2817038376273,73.00684899377592,93.00537618869137,108.4665847162157,170.41420128616042,236.88815926508443,156.16017418023074,184.43969204051496,64.77653896280658,131.01526628603247,179.61069010501575,131.59407281484982,80.52949770115296,56.22277118748239,140.75865870347016,102.70345661174214,105.38500842150178,119.4026800369238,174.86280336309378,28.319604517012593,193.75241933973368,0.0,177.2596964907703,104.12012293500234,23.194827009486403,83.773504164503,34.92849839314596,156.31058825300352,95.63472172804185,65.5133574166368,0.0,0.0,0.0,0.0,0.0,0.0,0.0,0.0,0.0,0.0,0.0,0.0,0.0,0.0,0.0,0.0,0.0,0.0,0.0,0.0,0.0,0.0,0.0,0.0,0.0,0.0,0.0,0.0,0.0,0.0,0.0,0.0,0.0,0.0,0.0,0.0,0.0,0.0,0.0,0.0,0.0,0.0,0.0,0.0,0.0,0.0,0.0,0.0,0.0,0.0,0.0,0.0,0.0,0.0,0.0,0.0,0.0,0.0,0.0
33,74.33034373659252,122.09013064126027,120.81390648431164,10.0,171.74690681348528,98.48857801796105,113.00442469213318,22.80350850198276,54.12947441089743,83.5224520712844,183.3712082089225,124.66354719804824,132.90974381135493,154.1590088188167,122.18837915284743,70.7248188403477,72.44998274671983,152.50245899656832,68.94200461257273,146.6594695203825,80.52328855678958,112.37882362794157,65.39113089708727,145.3409783921933,122.15563842901399,60.166435825965294,143.8923208513922,165.0969412193939,60.8276253029822,103.32473082471591,149.81655449248592,52.81098370604357,177.2596964907703,0.0,127.47548783981962,187.04277585621958,94.30270409696638,150.98675438593943,54.20332093147061,120.03749414245534,111.8257573191436,0.0,0.0,0.0,0.0,0.0,0.0,0.0,0.0,0.0,0.0,0.0,0.0,0.0,0.0,0.0,0.0,0.0,0.0,0.0,0.0,0.0,0.0,0.0,0.0,0.0,0.0,0.0,0.0,0.0,0.0,0.0,0.0,0.0,0.0,0.0,0.0,0.0,0.0,0.0,0.0,0.0,0.0,0.0,0.0,0.0,0.0,0.0,0.0,0.0,0.0,0.0,0.0,0.0,0.0,0.0,0.0,0.0,0.0,0.0
34,91.2414379544733,167.14065932620943,69.18092222571191,136.56500283747664,126.40015822774906,82.76472678623425,26.832815729997478,149.96666296213968,102.17631819555841,94.37160589923221,115.43396380615195,85.21150157109074,31.38470965295043,157.1146078504478,147.58048651498612,164.04877323527901,199.7223072167954,201.03979705520993,97.94386147176351,129.41792766073794,136.94524453225822,78.16009211867653,62.177166226839255,27.459060435491963,85.0411665018772,131.03434664239754,157.8131806916013,172.73389939441535,73.824115301167,186.18807695446023,92.43916918709297,169.31922513406445,104.12012293500234,127.47548783981962,0.0,97.18538984847466,66.12866246946176,105.43718509140881,142.22517358048822,134.71822445385777,76.84399781375251,0.0,0.0,0.0,0.0,0.0,0.0,0.0,0.0,0.0,0.0,0.0,0.0,0.0,0.0,0.0,0.0,0.0,0.0,0.0,0.0,0.0,0.0,0.0,0.0,0.0,0.0,0.0,0.0,0.0,0.0,0.0,0.0,0.0,0.0,0.0,0.0,0.0,0.0,0.0,0.0,0.0,0.0,0.0,0.0,0.0,0.0,0.0,0.0,0.0,0.0,0.0,0.0,0.0,0.0,0.0,0.0,0.0,0.0,0.0
35,117.38824472663352,154.49595463959565,166.3640586184408,193.04144632694815,59.22837157984339,92.76313923105448,86.88498144098322,205.24375751773792,185.0,111.39569111954016,31.78049716414141,182.3951753747889,68.26419266350405,116.01724009818541,129.75746606650424,187.52333188166213,250.31580054003783,178.71765441612084,185.78482176970218,87.28115489611719,148.71785366928881,175.0028571195339,135.19245541079576,70.8590149522275,71.02816342831905,156.40012787718558,125.32358118087753,128.56126943990557,127.09445306542689,194.4659353203023,45.69463863518345,208.58091954922435,23.194827009486403,187.04277585621958,97.18538984847466,0.0,92.80086206496145,56.089214649520635,171.81676286090365,116.48175822848829,77.83315488916018,0.0,0.0,0.0,0.0,0.0,0.0,0.0,0.0,0.0,0.0,0.0,0.0,0.0,0.0,0.0,0.0,0.0,0.0,0.0,0.0,0.0,0.0,0.0,0.0,0.0,0.0,0.0,0.0,0.0,0.0,0.0,0.0,0.0,0.0,0.0,0.0,0.0,0.0,0.0,0.0,0.0,0.0,0.0,0.0,0.0,0.0,0.0,0.0,0.0,0.0,0.0,0.0,0.0,0.0,0.0,0.0,0.0,0.0,0.0
36,29.120439557122072,101.01980003939822,113.81124724736128,100.26464980241042,86.02325267042627,17.69180601295413,39.56008088970496,112.60994627474076,101.07917688624102,29.068883707497267,91.09335870413386,127.62444906835053,50.35871324805669,96.82974749528164,82.15229759416349,105.51303237041384,158.90248582070703,135.08515832614626,106.47065323364932,73.824115301167,73.0,115.97413504743201,52.46903848937962,67.11929677819934,33.06055050963308,71.84010022264724,94.79451460923254,112.16059914247963,35.73513677041127,123.01625908797584,57.723478758647246,119.70797801316336,83.773504164503,94.30270409696638,66.12866246946176,92.80086206496145,0.0,63.00793600809346,85.7962703152066,70.0,21.02379604162864,0.0,0.0,0.0,0.0,0.0,0.0,0.0,0.0,0.0,0.0,0.0,0.0,0.0,0.0,0.0,0.0,0.0,0.0,0.0,0.0,0.0,0.0,0.0,0.0,0.0,0.0,0.0,0.0,0.0,0.0,0.0,0.0,0.0,0.0,0.0,0.0,0.0,0.0,0.0,0.0,0.0,0.0,0.0,0.0,0.0,0.0,0.0,0.0,0.0,0.0,0.0,0.0,0.0,0.0,0.0,0.0,0.0,0.0,0.0
37,76.69419795525604,98.49365461794989,168.46661390317072,154.84508387417407,23.194827009486403,52.88667128870941,82.73451516749222,165.4841382127,164.0762018087937,67.97793759742936,35.38361202590826,183.65728953678914,75.16648189186454,62.369864518050704,73.76313442364011,136.7808466123821,206.00970850908945,123.10158406779338,169.23947530053383,32.2490309931942,97.18538984847466,173.29743217947575,115.15641536623133,88.52683209061533,30.14962686336267,108.57716150277645,70.02856560004639,76.53757247260981,97.73944955850733,140.00357138301865,14.7648230602334,161.83942659315127,34.92849839314596,150.98675438593943,105.43718509140881,56.089214649520635,63.00793600809346,0.0,124.08464852672147,60.74537019394976,42.04759208325728,0.0,0.0,0.0,0.0,0.0,0.0,0.0,0.0,0.0,0.0,0.0,0.0,0.0,0.0,0.0,0.0,0.0,0.0,0.0,0.0,0.0,0.0,0.0,0.0,0.0,0.0,0.0,0.0,0.0,0.0,0.0,0.0,0.0,0.0,0.0,0.0,0.0,0.0,0.0,0.0,0.0,0.0,0.0,0.0,0.0,0.0,0.0,0.0,0.0,0.0,0.0,0.0,0.0,0.0,0.0,0.0,0.0,0.0,0.0
38,56.859475903318,69.42621983083913,159.15401345866212,49.9799959983992,140.61649974309557,79.61155694998057,119.68291440301745,53.23532661682466,103.32473082471591,60.74537019394976,159.28904544883179,166.83225107874077,135.1628647225265,108.85311203635843,74.67261881037788,22.360679774997898,82.85529554590944,98.41239759298622,117.15374513859982,109.5673308974897,31.78049716414141,153.8473269186046,89.49860334105779,151.10923201446033,100.89598604503551,15.556349186104045,96.62815324738438,117.27318534089538,69.06518659932803,51.86520991955976,128.08200498118384,37.8021163428716,156.31058825300352,54.20332093147061,142.22517358048822,171.81676286090365,85.7962703152066,124.08464852672147,0.0,76.84399781375251,94.57801012920498,0.0,0.0,0.0,0.0,0.0,0.0,0.0,0.0,0.0,0.0,0.0,0.0,0.0,0.0,0.0,0.0,0.0,0.0,0.0,0.0,0.0,0.0,0.0,0.0,0.0,0.0,0.0,0.0,0.0,0.0,0.0,0.0,0.0,0.0,0.0,0.0,0.0,0.0,0.0,0.0,0.0,0.0,0.0,0.0,0.0,0.0,0.0,0.0,0.0,0.0,0.0,0.0,0.0,0.0,0.0,0.0,0.0,0.0,0.0
39,57.30619512757761,38.3275357934736,181.89282558693733,120.20399327809372,69.65629906907199,52.43090691567332,107.91200118615167,127.4244874425634,152.16109883935513,48.25971404805462,94.41398201537736,194.6175737183053,111.94641575325224,34.23448553724738,14.035668847618199,82.92767933567175,158.90248582070703,67.91170738539859,162.04937519163718,35.35533905932738,45.31004303683677,182.25805880673698,113.1591799192624,128.73616430514,54.74486277268398,63.34824385884742,26.419689627245813,46.8187996428785,88.32326986700618,80.15609770940699,71.386273190299,113.21660655575224,95.63472172804185,120.03749414245534,134.71822445385777,116.48175822848829,70.0,60.74537019394976,76.84399781375251,0.0,58.872744118140105,0.0,0.0,0.0,0.0,0.0,0.0,0.0,0.0,0.0,0.0,0.0,0.0,0.0,0.0,0.0,0.0,0.0,0.0,0.0,0.0,0.0,0.0,0.0,0.0,0.0,0.0,0.0,0.0,0.0,0.0,0.0,0.0,0.0,0.0,0.0,0.0,0.0,0.0,0.0,0.0,0.0,0.0,0.0,0.0,0.0,0.0,0.0,0.0,0.0,0.0,0.0,0.0,0.0,0.0,0.0,0.0,0.0,0.0,0.0
40,39.6232255123179,94.36630754670864,131.88252348207476,116.81181447096864,65.00769185258002,15.0,50.44799302251776,128.4562182223967,122.03687967167957,33.83784863137726,71.69379331573968,146.2942240828393,53.16013544000805,80.65977932030313,72.42237223399962,111.8257573191436,172.55723688098394,126.53062870309307,127.47548783981962,54.91812087098393,75.0,135.08515832614626,73.43704787094863,70.09279563550022,12.041594578792296,79.40403012442127,80.99382692526635,96.26006440887103,55.90169943749474,124.1491039033307,38.07886552931954,130.87398519186308,65.5133574166368,111.8257573191436,76.84399781375251,77.83315488916018,21.02379604162864,42.04759208325728,94.57801012920498,58.872744118140105,0.0,0.0,0.0,0.0,0.0,0.0,0.0,0.0,0.0,0.0,0.0,0.0,0.0,0.0,0.0,0.0,0.0,0.0,0.0,0.0,0.0,0.0,0.0,0.0,0.0,0.0,0.0,0.0,0.0,0.0,0.0,0.0,0.0,0.0,0.0,0.0,0.0,0.0,0.0,0.0,0.0,0.0,0.0,0.0,0.0,0.0,0.0,0.0,0.0,0.0,0.0,0.0,0.0,0.0,0.0,0.0,0.0,0.0,0.0,0.0
